OBJECT_NAME,OBJECT_ID,EPOCH,MEAN_MOTION,ECCENTRICITY,INCLINATION,RA_OF_ASC_NODE,ARG_OF_PERICENTER,MEAN_ANOMALY,EPHEMERIS_TYPE,CLASSIFICATION_TYPE,NORAD_CAT_ID,ELEMENT_SET_NO,REV_AT_EPOCH,BSTAR,MEAN_MOTION_DOT,MEAN_MOTION_DDOT
SPACEMOBILE-003,2024-163A,2026-10-07T14:34:54.713280,15.20402181,.0007391,52.9735,152.5800,91.5944,268.5896,0,U,61045,999,11487,.17224195E-4,.53E-6,0
SPACEMOBILE-005,2024-163B,2026-10-07T01:35:25.993248,15.20439957,.00109179,52.9765,155.0769,86.7562,273.4681,0,U,61046,999,11478,.23647266E-3,.4906E-4,0
SPACEMOBILE-001,2024-163C,2026-10-07T01:33:42.991488,15.20442006,.00088532,52.9717,154.7519,92.0945,268.1063,0,U,61047,999,11478,.50541748E-4,.789E-5,0
SPACEMOBILE-002,2024-163D,2026-10-06T22:01:57.607968,15.20418049,.00078936,52.9712,155.5147,90.4266,269.7632,0,U,61048,999,11476,.69141313E-3,.14981E-3,0
SPACEMOBILE-004,2024-163E,2026-10-06T23:10:34.733856,15.20419629,.00091697,52.9714,155.0448,116.8925,243.3007,0,U,61049,999,11477,.45352178E-3,.9709E-4,0
SPACEMOBILE-001 DEB,2024-163F,2026-10-07T12:04:34.081536,15.36692770,.0008315,52.9919,110.8875,152.4014,207.7431,0,U,62369,999,10376,.17004168E-3,.5803E-4,0
SPACEMOBILE-002 DEB,2024-163G,2026-10-07T14:56:06.126432,15.46836216,.00065922,52.9395,88.3716,182.2548,177.8429,0,U,62370,999,11574,.40171206E-3,.20128E-3,0
SPACEMOBILE-003 DEB,2024-163H,2026-10-07T14:06:12.208320,15.44456886,.00081133,52.9671,97.0935,149.9269,210.2203,0,U,62371,999,10923,.37039642E-3,.17049E-3,0
SPACEMOBILE-004 DEB,2024-163J,2026-10-07T13:02:44.410848,15.42751242,.00053588,52.9827,97.8348,158.6398,201.4830,0,U,62372,999,11228,.23056379E-3,.9835E-4,0
SPACEMOBILE-005 DEB,2024-163K,2026-10-07T13:31:36.342048,15.36025542,.0008355,52.9726,115.7473,138.2659,221.8980,0,U,62373,999,11538,.21400915E-3,.7244E-4,0
SPACEMOBILE-006,2025-309A,2026-10-07T01:04:00.955200,15.18971649,.00121752,52.9940,179.1113,115.4717,244.7537,0,U,67232,999,4359,.62860972E-4,.1008E-4,0
SPACEMOBILE-008,2026-139A,2026-10-06T23:36:05.005728,15.13031900,.00025885,52.9940,114.9277,326.4301,33.6526,0,U,69589,999,1690,.51102837E-4,.613E-5,0
SPACEMOBILE-009,2026-139B,2026-10-06T23:47:14.680032,15.12926821,.00027381,52.9932,114.9625,318.1578,41.9203,0,U,69590,999,1690,.51593685E-4,.619E-5,0
SPACEMOBILE-010,2026-139C,2026-10-07T12:44:48.810336,15.12787521,.00027228,52.9938,112.6390,305.1120,54.9616,0,U,69591,999,1699,.63852278E-4,.833E-5,0
SPACEMOBILE-013,2026-179A,2026-10-07T08:03:58.669344,15.13181478,.00065376,52.9973,41.8377,151.7144,208.4204,0,U,100240,999,954,.88636224E-4,.1289E-4,0
SPACEMOBILE-012,2026-179B,2026-10-07T09:29:00.713760,15.13347073,.00065548,52.9969,41.4906,157.9918,202.1356,0,U,100241,999,955,.75782518E-4,.1064E-4,0
SPACEMOBILE-011,2026-179C,2026-10-07T07:49:51.013632,15.13373131,.00060214,52.9976,41.7799,160.0671,200.0556,0,U,100242,999,954,.7377473E-4,.1028E-4,0
BLUEWALKER-3,2022-111AL,2026-10-07T06:36:30.995136,15.39469630,.00062485,53.2275,227.2479,148.9934,211.1442,0,U,53807,999,22746,.13730257E-3,.5069E-4,0
